0.32
173.91
0.64
173.49
0.95
173.03
1.26
173.45
1.57
173.38
1.89
173.71
0.01
175.54
0.32
172.92
0.64
174.13
0.95
173.33
1.26
173.33
1.57
174.13
1.89
172.96
2.20
173.28
2.51
173.28
2.83
172.86
3.14
173.26
3.45
173.64
3.76
173.60
4.08
173.96
4.39
172.82
4.70
173.21
5.01
172.86
5.33
173.62
5.64
173.21
5.95
172.77
6.26
173.09
6.58
173.03
6.89
172.62
7.20
173.38
7.52
173.33
7.83
173.33
8.14
173.76
8.46
173.35
8.77
172.98
9.08
173.38
9.39
172.24
9.71
173.04
10.02
173.03
10.33
172.99
10.64
173.40
10.96
173.55
11.27
172.50
11.58
173.62
11.89
173.62
12.21
173.28
12.52
174.05
12.83
173.60
13.15
173.60
13.46
172.82
13.77
172.96
14.08
172.91
14.40
174.17
14.71
173.84
15.02
173.09
15.34
4.47
15.64
10.66
15.94
4.32
16.24
3.64
16.54
4.25
16.84
3.45
17.15
4.13
17.45
4.39
17.75
4.25
18.05
4.00
18.35
4.34
18.65
4.81
18.96
5.49
19.26
5.54
19.56
5.76
19.86
5.59
20.16
6.49
20.46
6.56
20.77
6.60
21.07
6.97
21.37
5.85
21.67
13.99
21.98
9.54
22.28
6.66
22.58
6.70
22.88
13.41
23.18
6.89
23.48
6.32
23.79
6.14
24.09
5.92
24.39
6.10
24.69
4.76
24.99
8.91
25.30
5.03
25.60
6.70
25.90
5.20
26.20
6.80
26.50
5.73
26.81
8.60
27.11
3.52
27.41
5.30
27.71
6.19
28.01
3.69
28.31
5.54
28.62
9.45
